0.00263372
0.000688167
0.00246792
0.000198519
0.00228735
0.000421864
0.00184708
0.000623949
0.00311938
0.000835317
0.00509692
0.00189874
0.00522035
0.00155868
0.00487903
0.00144995
0.00310045
0.00206394
0.00466917
0.00151297
0.00456254
0.00128723
0.00267558
0.00254456
0.00095964
0.00245002
8.3067e-005
0.000932958
0.000119171
0.000347943
4.61132e-005
5.21515e-005
6.07957e-006
1.14797e-005
2.34288e-005
1.67022e-005
2.26107e-005
1.85194e-005
6.55285e-006
1.16908e-005
1.57253e-005
2.40429e-005
1.4802e-005
1.44214e-005
9.79479e-006
1.26258e-005
1.87416e-005
1.85954e-005
2.03607e-005
1.62264e-005
